		Mar049	Mar076	Mar080	MSMM6	MSMOE2
Khakassia_2623	1	237	108	226	137	173
Khakassia_2623	1	239	116	240	163	175
Khakassia_2625	1	233	102	238	137	167
Khakassia_2625	1	235	104	246	151	169
Khakassia_2626	1	237	104	236	137	165
Khakassia_2626	1	239	106	240	145	167
Khakassia_2707	1	215	108	228	137	173
Khakassia_2707	1	235	112	238	145	175
Khakassia_2708	1	231	106	226	137	171
Khakassia_2708	1	235	114	238	137	173
Khakassia_2712	1	211	104	226	137	169
Khakassia_2712	1	231	104	240	137	171
Khakassia_2717	1	205	110	226	137	171
Khakassia_2717	1	207	118	246	145	173
Khakassia_2718	1	235	108	228	141	171
Khakassia_2718	1	237	110	246	149	173
Khakassia_2721	1	225	104	226	137	169
Khakassia_2721	1	227	104	238	159	171
Khakassia_2722	1	215	110	230	137	169
Khakassia_2722	1	217	124	240	145	171
Karasug_5052	2	233	118	224	143	161
Karasug_5052	2	235	130	238	147	163
Karasug_5053	2	229	118	224	143	169
Karasug_5053	2	231	118	234	147	177
Karasug_5054	2	233	118	224	137	169
Karasug_5054	2	235	130	238	137	177
Karasug_5055	2	237	118	224	143	165
Karasug_5055	2	239	120	234	143	173
Karasug_5057	2	229	120	216	147	165
Karasug_5057	2	231	120	224	147	167
Karasug_5058	2	235	118	224	143	159
Karasug_5058	2	237	118	236	153	167
Karasug_5059	2	229	118	236	143	169
Karasug_5059	2	231	120	238	143	171
Karasug_5091	2	235	128	220	137	165
Karasug_5091	2	237	128	242	149	167
Khindiktikul_2496	3	229	118	236	137	171
Khindiktikul_2496	3	235	120	240	189	173
Khindiktikul_2497	3	223	118	218	137	173
Khindiktikul_2497	3	229	120	236	147	179
Khindiktikul_2498	3	223	118	240	137	173
Khindiktikul_2498	3	233	120	244	189	179
Khindiktikul_2499	3	227	116	218	147	175
Khindiktikul_2499	3	233	118	244	147	177
Khindiktikul_2502	3	281	118	232	131	175
Khindiktikul_2502	3	283	120	242	137	177
Khindiktikul_2518	3	239	118	220	149	175
Khindiktikul_2518	3	283	120	236	157	175
Khindiktikul_2519	3	231	116	220	143	175
Khindiktikul_2519	3	233	120	242	149	177
Khindiktikul_2523	3	241	120	240	137	167
Khindiktikul_2523	3	243	122	244	189	175
Khindiktikul_2524	3	229	118	240	137	159
Khindiktikul_2524	3	233	118	240	149	171
Khindiktikul_2525	3	269	130	242	137	173
Khindiktikul_2525	3	269	130	242	147	177
Khindiktikul_2531	3	243	122	238	143	157
Khindiktikul_2531	3	285	130	244	155	159
Khindiktikul_2532	3	243	124	242	143	139
Khindiktikul_2532	3	243	128	242	155	181
Khindiktikul_2533	3	235	118	244	139	173
Khindiktikul_2533	3	235	126	244	139	175
Khindiktikul_2545	3	231	120	220	147	175
Khindiktikul_2545	3	241	120	240	147	179
Naringol_4910	4	229	120	218	141	143
Naringol_4910	4	231	120	220	145	185
Naringol_4911	4	237	116	214	137	139
Naringol_4911	4	239	122	218	141	143
Naringol_4912	4	231	122	212	141	143
Naringol_4912	4	235	122	218	145	173
Naringol_4913	4	229	124	212	141	143
Naringol_4913	4	231	126	216	141	175
Naringol_4914	4	235	122	216	141	185
Naringol_4914	4	237	132	218	141	189
Naringol_4915	4	229	110	214	139	171
Naringol_4915	4	231	112	216	139	173
Naringol_5432	4	237	116	216	141	141
Naringol_5432	4	239	120	218	141	143
Naringol_5433	4	231	120	214	141	143
Naringol_5433	4	233	122	218	141	189
Naringol_5434	4	235	112	214	141	175
Naringol_5434	4	237	112	218	141	177
Naringol_5435	4	229	120	214	141	141
Naringol_5435	4	231	120	218	145	143
Naringol_5436	4	229	116	214	141	169
Naringol_5436	4	231	122	218	151	171
Naringol_5437	4	229	116	214	135	141
Naringol_5437	4	231	116	218	141	143
Naringol_5438	4	237	120	214	135	141
Naringol_5438	4	239	122	218	141	143
Kungurtug_4383_1	5	231	116	214	139	141
Kungurtug_4383_1	5	233	118	222	139	143
Kungurtug_4384	5	233	118	214	137	167
Kungurtug_4384	5	239	118	222	141	179
Kungurtug_4385	5	239	118	214	137	167
Kungurtug_4385	5	253	118	222	141	179
Kungurtug_4386	5	239	118	214	137	167
Kungurtug_4386	5	253	120	218	141	179
Kungurtug_4387	5	233	112	218	137	177
Kungurtug_4387	5	253	126	222	141	179
Kungurtug_4388	5	221	112	216	141	151
Kungurtug_4388	5	243	126	216	141	179
Kungurtug_4389	5	243	120	214	141	177
Kungurtug_4389	5	253	126	218	141	179
Balgazyn_5061	6	229	118	222	141	141
Balgazyn_5061	6	231	124	226	145	143
Balgazyn_5430	6	231	118	222	141	141
Balgazyn_5430	6	233	124	224	151	145
Balgazyn_5431	6	235	116	220	139	141
Balgazyn_5431	6	237	118	224	145	143
DergizAksi_4252	7	229	124	218	141	147
DergizAksi_4252	7	235	132	226	165	147
DergizAksi_4253	7	235	124	218	139	145
DergizAksi_4253	7	241	124	226	145	147
DergizAksi_4254	7	237	124	226	139	147
DergizAksi_4254	7	239	124	226	165	177
DergizAksi_4255	7	235	124	218	139	147
DergizAksi_4255	7	235	124	226	145	177
DergizAksi_4256	7	229	124	224	139	147
DergizAksi_4256	7	229	132	224	143	177
DergizAksi_4257	7	229	120	218	139	145
DergizAksi_4257	7	229	120	224	139	147
DergizAksi_4258	7	237	120	218	139	147
DergizAksi_4258	7	239	126	226	139	177
Chagitay_4288	8	237	126	224	139	145
Chagitay_4288	8	237	126	224	143	147
Chagitay_4289_1	8	237	116	214	139	175
Chagitay_4289_1	8	239	124	226	163	177
Chagitay_4290	8	231	120	226	139	147
Chagitay_4290	8	239	126	226	145	177
Chagitay_4292	8	237	124	224	139	147
Chagitay_4292	8	237	124	238	153	177
Chagitay_4293	8	231	120	222	145	145
Chagitay_4293	8	241	124	230	163	147
Chagitay_4295	8	223	126	218	141	141
Chagitay_4295	8	239	128	226	141	145
Chagitay_4296	8	223	124	226	139	145
Chagitay_4296	8	247	126	238	145	147
Chagitay_4302	8	237	128	226	139	145
Chagitay_4302	8	237	128	226	153	147
Chagitay_4309	8	231	124	218	141	141
Chagitay_4309	8	241	124	222	163	145
Chagitay_4310	8	231	124	226	145	145
Chagitay_4310	8	231	128	226	161	147
Chagitay_4312	8	231	124	226	143	145
Chagitay_4312	8	241	126	226	163	147
Tselinnoe_2672	9	237	120	218	141	147
Tselinnoe_2672	9	237	128	228	147	147
Tselinnoe_4349	9	231	120	224	141	147
Tselinnoe_4349	9	237	120	228	153	175
Tselinnoe_4350	9	227	120	224	141	147
Tselinnoe_4350	9	231	124	230	153	183
Tselinnoe_4351	9	231	120	226	141	145
Tselinnoe_4351	9	241	124	226	167	147
Tselinnoe_4352	9	241	124	226	139	145
Tselinnoe_4352	9	241	132	226	147	147
Tselinnoe_4353	9	229	118	226	139	145
Tselinnoe_4353	9	229	124	226	145	147
Tselinnoe_4354	9	227	120	224	141	141
Tselinnoe_4354	9	235	128	224	153	145
Tselinnoe_4355	9	229	124	226	139	141
Tselinnoe_4355	9	235	130	230	145	145
Tselinnoe_4356	9	229	124	226	139	145
Tselinnoe_4356	9	241	132	226	145	147
Ustburen_2776	10	241	120	218	145	139
Ustburen_2776	10	243	124	226	157	141
Ustburen_2777	10	231	120	216	141	171
Ustburen_2777	10	233	120	218	141	175
Ustburen_2778	10	233	114	218	139	139
Ustburen_2778	10	235	114	226	165	141
