________the file starts below this line_____________
Title line: "L_gregalis populations in Siberia"
MSMM6
Mar049
MSMOE2
Mar080
Mar076
Pop
Khakassia    ,  137163 237239 173175 226240 108116
Khakassia    ,  137151 233235 167169 238246 102104
Khakassia    ,  137145 237239 165167 236240 104106
Khakassia    ,  137145 215235 173175 228238 108112
Khakassia    ,  137137 231235 171173 226238 106114
Khakassia    ,  137137 211231 169171 226240 104104
Khakassia    ,  137145 205207 171173 226246 110118
Khakassia    ,  141149 235237 171173 228246 108110
Khakassia    ,  137159 225227 169171 226238 104104
Khakassia    ,  137145 215217 169171 230240 110124
Pop
Karasug    ,  143147 233235 161163 224238 118130
Karasug    ,  143147 229231 169177 224234 118118
Karasug    ,  137137 233235 169177 224238 118130
Karasug    ,  143143 237239 165173 224234 118120
Karasug    ,  147147 229231 165167 216224 120120
Karasug    ,  143153 235237 159167 224236 118118
Karasug    ,  143143 229231 169171 236238 118120
Karasug    ,  137149 235237 165167 220242 128128
Pop
Naringol    ,  141145 229231 143185 218220 120120
Naringol    ,  137141 237239 139143 214218 116122
Naringol    ,  141145 231235 143173 212218 122122
Naringol    ,  141141 229231 143175 212216 124126
Naringol    ,  141141 235237 185189 216218 122132
Naringol    ,  139139 229231 171173 214216 110112
Naringol    ,  141141 237239 141143 216218 116120
Naringol    ,  141141 231233 143189 214218 120122
Naringol    ,  141141 235237 175177 214218 112112
Naringol    ,  141145 229231 141143 214218 120120
Naringol    ,  141151 229231 169171 214218 116122
Naringol    ,  135141 229231 141143 214218 116116
Naringol    ,  135141 237239 141143 214218 120122
Pop
Ustburen    ,  145157 241243 139141 218226 120124
Ustburen    ,  141141 231233 171175 216218 120120
Ustburen    ,  139165 233235 139141 218226 114114
Pop
Balgazyn    ,  141145 229 231 141 143 222226 118124
Balgazyn    ,  141151 231 233 141 145 222224 118124
Balgazyn    ,  139145 235 237 141 143 220224 116118
Pop
Khindiktikul    ,  137189 229235 171173 236240 118120
Khindiktikul    ,  137147 223229 173179 218236 118120
Khindiktikul    ,  137189 223233 173179 240244 118120
Khindiktikul    ,  147147 227233 175177 218244 116118
Khindiktikul    ,  131137 281283 175177 232242 118120
Khindiktikul    ,  149157 239283 175175 220236 118120
Khindiktikul    ,  143149 231233 175177 220242 116120
Khindiktikul    ,  137189 241243 167175 240244 120122
Khindiktikul    ,  137149 229233 159171 240240 118118
Khindiktikul    ,  137147 269269 173177 242242 130130
Khindiktikul    ,  143155 243285 157159 238244 122130
Khindiktikul    ,  143155 243243 139181 242242 124128
Khindiktikul    ,  139139 235235 173175 244244 118126
Khindiktikul    ,  147147 231241 175179 220240 120120
Pop
DergizAksi    ,  141165 229235 147147 218226 124132
DergizAksi    ,  139145 235241 145147 218226 124124
DergizAksi    ,  139165 237239 147177 226226 124124
DergizAksi    ,  139145 235235 147177 218226 124124
DergizAksi    ,  139143 229229 147177 224224 124132
DergizAksi    ,  139139 229229 145147 218224 120120
DergizAksi    ,  139139 237239 147177 218226 120126
Pop
Chagitay    ,  139143 237237 145147 224224 126126
Chagitay    ,  139143 243243 177179 214226 118126
Chagitay    ,  139163 237239 175177 214226 116124
Chagitay    ,  139145 231239 147177 226226 120126
Chagitay    ,  139153 237237 147177 224238 124124
Chagitay    ,  145163 231241 145147 222230 120124
Chagitay    ,  141141 223239 141145 218226 126128
Chagitay    ,  139145 223247 145147 226238 124126
Chagitay    ,  139153 237237 145147 226226 128128
Chagitay    ,  141163 231241 141145 218222 124124
Chagitay    ,  145161 231231 145147 226226 124128
Chagitay    ,  143163 231241 145147 226226 124126
Pop
Tselinnoe    ,  141147 237237 147147 218228 120128
Tselinnoe    ,  141153 231237 147175 224228 120120
Tselinnoe    ,  141153 227231 147183 224230 120124
Tselinnoe    ,  141167 231241 145147 226226 120124
Tselinnoe    ,  139147 241241 145147 226226 124132
Tselinnoe    ,  139145 229229 145147 226226 118124
Tselinnoe    ,  141153 227235 141145 224224 120128
Tselinnoe    ,  139145 229235 141145 226230 124130
Tselinnoe    ,  139145 229241 145147 226226 124132
Pop
Kungurtug    ,  135139 231233 145147 214222 120120
Kungurtug    ,  139139 231233 141143 214222 116118
Kungurtug    ,  137141 233239 167179 214222 118118
Kungurtug    ,  137141 239253 167179 214222 118118
Kungurtug    ,  137141 239253 167179 214218 118120
Kungurtug    ,  137141 233253 177179 218222 112126
Kungurtug    ,  141141 221243 151179 216216 112126
Kungurtug    ,  141141 243253 177179 214218 120126
_________the file ends above this line___________